4294967294,0
4294967279,48
4294967279,45
4294967293,131
4294967293,130
4294967293,129
4294967293,128
4294967293,127
4294967293,126
4294967293,125
4294967293,124
4294967293,123
4294967293,122
4294967293,121
4294967293,120
4294967293,119
4294967293,118
4294967293,117
4294967293,116
4294967293,115
4294967293,114
4294967293,113
4294967293,112
4294967293,111
4294967293,110
4294967293,109
4294967293,108
4294967293,107
4294967293,106
4294967293,105
4294967293,104
4294967293,103
4294967293,102
4294967293,101
4294967293,100
4294967293,99
4294967293,98
4294967293,97
4294967293,96
4294967293,95
4294967293,94
4294967293,93
4294967293,92
4294967293,91
4294967293,90
4294967293,89
4294967293,87
4294967293,86
4294967293,85
4294967293,84
4294967293,83
4294967293,82
4294967293,81
4294967293,80
4294967293,79
4294967293,78
4294967293,77
4294967293,76
4294967293,75
4294967293,74
4294967293,73
4294967293,72
4294967293,71
4294967293,70
4294967293,69
4294967293,68
4294967293,67
4294967293,66
4294967293,65
4294967293,64
4294967293,63
4294967293,62
4294967293,61
4294967293,60
4294967293,59
4294967293,58
4294967293,57
4294967293,56
4294967293,55
4294967293,54
4294967293,53
4294967293,52
4294967293,51
4294967293,50
4294967293,49
4294967293,48
4294967293,47
4294967293,46
4294967293,45
4294967293,44
4294967293,43
4294967293,42
4294967293,41
4294967293,40
4294967293,39
4294967293,38
4294967293,37
4294967293,36
4294967293,35
4294967293,34
4294967293,33
4294967293,32
4294967293,31
4294967293,30
4294967293,29
4294967293,28
4294967293,27
4294967293,26
4294967293,25
4294967293,24
4294967293,23
4294967293,22
4294967293,21
4294967293,20
4294967293,19
4294967293,18
4294967293,17
4294967293,16
4294967293,15
4294967293,14
4294967293,13
4294967293,12
4294967293,11
4294967293,10
4294967293,9
4294967293,8
4294967293,7
4294967293,6
4294967293,5
4294967293,4
4294967293,3
4294967278,18
4294967278,15
4294967278,13
4294967278,12
4294967278,11
4294967278,10
4294967278,9
4294967278,8
4294967278,7
4294967278,6
4294967278,4
4294967279,132
4294967279,130
4294967279,129
4294967279,128
4294967279,127
4294967279,125
4294967279,124
4294967279,521
4294967279,123
4294967279,559
4294967279,122
4294967279,121
4294967279,120
4294967279,119
4294967279,118
4294967279,242
4294967279,117
4294967279,116
4294967279,115
4294967279,114
4294967279,113
4294967279,234
4294967279,112
4294967279,111
4294967279,332
4294967279,110
4294967279,109
4294967279,108
4294967279,107
4294967279,106
4294967279,105
4294967279,104
4294967279,326
4294967279,103
4294967279,102
4294967279,101
4294967279,518
4294967279,100
4294967279,99
4294967279,98
4294967279,97
4294967279,96
4294967279,325
4294967279,95
4294967279,94
4294967279,93
4294967279,92
4294967279,91
4294967279,90
4294967279,89
4294967279,87
4294967278,324
4294967279,363
4294967279,184
4294967279,183
4294967279,181
4294967279,179
4294967279,178
4294967279,177
4294967278,175
4294967279,173
4294967278,172
4294967279,172
4294967278,170
4294967278,169
4294967278,168
280,4
4294967278,167
280,3
280,2
280,1
4294967279,167
4294967278,166
4294967279,166
4294967278,164
279,4
279,3
279,2
279,1
4294967278,163
4294967278,162
4294967279,162
4294967278,161
4294967279,161
278,4
278,3
278,2
278,1
4294967279,160
4294967278,159
4294967278,404
4294967278,156
4294967278,155
4294967278,154
4294967278,310
4294967279,153
4294967279,337
4294967278,153
4294967279,151
4294967278,151
4294967279,148
4294967279,150
277,5
4294967278,150
277,4
4294967279,149
277,3
277,2
277,1
4294967278,149
4294967279,147
4294967278,147
4294967279,146
4294967278,146
4294967278,344
4294967279,145
4294967294,999
4294967294,182
4294967294,401
4294967278,145
4294967279,144
4294967278,144
4294967278,143
275,4
4294967279,142
275,3
275,2
275,1
4294967279,362
4294967278,142
4294967279,141
4294967294,437
4294967278,141
4294967278,357
4294967278,420
4294967279,268
4294967278,356
4294967279,272
4294967278,277
4294967279,361
4294967278,136
4294967278,393
4294967278,135
4294967278,134
4294967279,133
4294967279,282
4294967278,133
274,6
4294967279,271
274,5
4294967278,276
274,4
4294967279,270
274,3
274,2
274,1
4294967278,288
4294967278,17
4294967278,413
4294967278,16
4294967278,273
4294967278,398
4294967278,270
4294967279,265
4294967278,14
4294967278,269
4294967278,401
4294967279,264
4294967278,268
4294967279,262
4294967278,281
4294967279,258
4294967278,265
4294967278,302
4294967278,5
4294967279,257
4294967278,285
4294967279,256
4294967278,262
4294967278,407
4294967278,261
4294967279,131
4294967279,524
4294967278,278
4294967278,258
271,4
4294967279,530
271,3
271,2
271,1
4294967279,561
4294967279,529
4294967279,528
4294967279,527
270,4
4294967278,337
270,3
270,2
270,1
4294967278,392
4294967279,526
4294967279,525
4294967279,126
4294967278,390
269,6
4294967278,376
269,5
4294967278,248
269,4
4294967278,246
269,3
269,2
269,1
4294967278,244
4294967278,239
268,5
268,4
